w12 = 1.87421
w22 = -11.9436
w13 = 0.240971
w33 = -0.430983
w14 = 1.20098
w44 = -5.80413
w25 = 1.27462
w35 = 2.27141
w45 = 1.55536
w55 = 5.86445

